Masses:	m0 = 0.500000	m1 = 0.500000	
t	x0	y0	z0	x1	y1	z1	px0	py0	pz0	px1	py1	pz1	
0.00000000000000000000e+00	3.00000000000000000000e+00	0.00000000000000000000e+00	0.00000000000000000000e+00	-3.00000000000000000000e+00	-0.00000000000000000000e+00	0.00000000000000000000e+00	0.00000000000000000000e+00	1.33072661855594270852e-01	0.00000000000000000000e+00	-0.00000000000000000000e+00	-1.33072661855594270852e-01	0.00000000000000000000e+00	
1.00000000000000000000e+00	2.99426352192948552755e+00	1.63544915114551187019e-01	4.80128137723153283864e-07	-2.99426775858293936494e+00	-1.63540419577061224565e-01	4.21672169666835551604e-07	-9.40579852615617585665e-03	1.32848641678288331702e-01	1.86863766602442868127e-06	9.39231103470840669734e-03	-1.32866966765200655853e-01	-6.98335804239448714241e-07	
2.00000000000000000000e+00	2.97708945439275529665e+00	3.26340111533206689298e-01	1.51057494685672888179e-05	-2.97708670016991217011e+00	-3.26445265263856643223e-01	1.93027865738975571623e-05	-1.87647895451676337275e-02	1.32031608580178511092e-01	1.11023993473177839540e-05	1.88080944225166128703e-02	-1.32074018660046310636e-01	2.72434245068474696736e-05	
3.00000000000000000000e+00	2.94851891889115469425e+00	4.87779932615571065746e-01	3.55733344954822021627e-05	-2.94842053601872278179e+00	-4.87927121282722864315e-01	3.00434741974082147192e-05	-2.81690302241625889490e-02	1.30714540519505539873e-01	2.11756388402514743742e-05	2.82095832604533046373e-02	-1.30737541851442762297e-01	-1.15827947936499465326e-05	
4.00000000000000000000e+00	2.90856736955209704831e+00	6.47159152099318291107e-01	5.99903340911546434887e-05	-2.90837966882421383730e+00	-6.47366851609137317070e-01	2.91717596759522161166e-05	-3.75225322207912506678e-02	1.28890514329387695369e-01	4.45295006968688062213e-06	3.75684183309082722624e-02	-1.28930072414096347222e-01	-6.61191303757959322935e-06	
5.00000000000000000000e+00	2.85728870162843628933e+00	8.03779350956059790434e-01	2.52749638399020173018e-05	-2.85705303869293913976e+00	-8.04078600908935348102e-01	-5.39272713219470810667e-06	-4.68836356980668264582e-02	1.26520307810321863684e-01	-3.17495894707189787055e-05	4.68743872121342997072e-02	-1.26593703666742746217e-01	-1.78627073954976029770e-05	
6.00000000000000000000e+00	2.79481824931708366933e+00	9.56910268885153958429e-01	-2.87346678715228695837e-05	-2.79444272899772894192e+00	-9.57383881430742489371e-01	-3.87186275953195084597e-05	-5.61594692283864799220e-02	1.23599671208579744985e-01	-1.86241869768225813307e-05	5.62948307586754737031e-02	-1.23689561805679568152e-01	-1.04624329847293362250e-05	
7.00000000000000000000e+00	2.72132485035249604977e+00	1.10587693780024354240e+00	-8.73367804868786231720e-05	-2.72064804393033643493e+00	-1.10653041063509216535e+00	-3.94157078323406951412e-05	-6.53692446389898956793e-02	1.20115769797386265361e-01	-4.73336843253168880127e-05	6.55109641474491688484e-02	-1.20200041873364638079e-01	2.20898773167400055929e-05	
8.00000000000000000000e+00	2.63693537533435851117e+00	1.24995938529732386613e+00	-1.63100143947080553682e-04	-2.63594908616216905273e+00	-1.25078728995575438887e+00	-2.82099680973785550144e-05	-7.44839804693697149496e-02	1.16067284293090086655e-01	-5.06255349533375723797e-05	7.46399151939498156638e-02	-1.16151723482310106905e-01	1.93453474419615083126e-05	
9.00000000000000000000e+00	2.54186113516937961521e+00	1.38842144284876378713e+00	-2.42271596716778865512e-04	-2.54054993566638964708e+00	-1.38941929520295270883e+00	-2.60401541686443573575e-05	-8.35209286436671277665e-02	1.11409453986136969261e-01	-3.66506863265787091993e-05	8.36813608770579087093e-02	-1.11488298026432369747e-01	3.25891705072668571956e-06	
1.00000000000000000000e+01	2.43644281384018590586e+00	1.52052306434219075548e+00	-3.37851788650793774006e-04	-2.43461094912844711047e+00	-1.52165318303898788876e+00	-3.19075030073761667718e-05	-9.22753281335355474146e-02	1.06112488006889910119e-01	-6.12149822625507572093e-05	9.26248548496199641811e-02	-1.06211135207172444050e-01	1.51788809064867182984e-05	
1.10000000000000000000e+01	2.32084007859407259744e+00	1.64545027965245216350e+00	-4.11368288792069694473e-04	-2.31866671776251642711e+00	-1.64680987670775147436e+00	-8.98422534897819381619e-06	-1.01069974639649506898e-01	1.00151264518438268269e-01	-3.38714187803913408296e-05	1.01084675478307892127e-01	-1.00271869908081928680e-01	3.23979584581762780886e-05	
1.20000000000000000000e+01	2.19523556186368651311e+00	1.76247271736867938685e+00	-4.57539432985091870307e-04	-2.19304185860642952832e+00	-1.76402208750326661146e+00	6.42747963424150669295e-05	-1.09713102738619450172e-01	9.35644426963077036064e-02	-6.83152500718661406407e-05	1.09702401568829766010e-01	-9.36353944699813423025e-02	9.00532477368037409613e-05	
1.30000000000000000000e+01	2.06006000989822535274e+00	1.87082177080485201337e+00	-5.84528133228612669682e-04	-2.05783762003890968728e+00	-1.87251103345215152984e+00	1.38276880803227231707e-04	-1.18105755768842329845e-01	8.62727282502230435890e-02	-1.15702645687939731562e-04	1.18126111853318088718e-01	-8.63583673234503274019e-02	5.19981896041069163446e-05	
1.40000000000000000000e+01	1.91573519986516305202e+00	1.96964814255217324224e+00	-7.60041443797239554478e-04	-1.91347254996511462188e+00	-1.97151441376834823949e+00	9.59292043961845980558e-05	-1.26287291517027888688e-01	7.82193416113582812299e-02	-1.07544237160174120703e-04	1.26319237715181470483e-01	-7.83087334427013948002e-02	-5.56014443166186317336e-05	
1.50000000000000000000e+01	1.76270164489023439813e+00	2.05808905912319861642e+00	-9.55510591267711676018e-04	-1.76038496027331281546e+00	-2.06019084707244948262e+00	-2.37657719886892425517e-05	-1.34192782715516739644e-01	6.93741108075553586376e-02	-1.23118931705925595786e-04	1.34244875516704914586e-01	-6.95241719733997176611e-02	2.99734974657140409949e-06	
1.60000000000000000000e+01	1.60150236705468329568e+00	2.13536440122501902650e+00	-1.01266467115699448920e-03	-1.59902559877973371449e+00	-2.13762558149018921938e+00	9.07505990505093492436e-07	-1.41783578737163296069e-01	5.97659047458635878103e-02	-4.41405138674721682444e-05	1.41870877316039839533e-01	-5.98458792865614944145e-02	3.86092333918703196861e-05	
1.70000000000000000000e+01	1.43273390617068452357e+00	2.20055099470629356162e+00	-1.06652130383843310804e-03	-1.42997277167142056165e+00	-2.20298060008057472459e+00	4.15199290902819838356e-05	-1.48937080820130296477e-01	4.92091635650388353751e-02	-4.45798445785441536460e-05	1.49158698527555089175e-01	-4.92983784699107946414e-02	1.79383829072448552000e-05	
1.80000000000000000000e+01	1.25704570868586285037e+00	2.25269322616128109260e+00	-1.10705184005438256496e-03	-1.25385169597744328129e+00	-2.25531238303914616239e+00	5.77902658744516601209e-05	-1.55740259433447020276e-01	3.77367943105354625155e-02	-1.07456652934737333267e-05	1.55928662832354736345e-01	-3.78398298873869609604e-02	1.09985871450494500888e-05	
1.90000000000000000000e+01	1.07511278261054843419e+00	2.29091992994834026121e+00	-1.09269761204576357563e-03	-1.07153662503715407794e+00	-2.29371558822087218132e+00	8.61879239503856491370e-05	-1.61925229599781672629e-01	2.53432627078904598728e-02	6.82064567034094287358e-06	1.62147417324474824030e-01	-2.54217934189694197422e-02	2.26421989285924073849e-05	
2.00000000000000000000e+01	8.87847826015263574817e-01	2.31430798531998682677e+00	-1.05404511006119928559e-03	-8.83811388882252635391e-01	-2.31723415723888681583e+00	1.24919833121767104951e-04	-1.67513712681401027993e-01	1.18989983046170894054e-02	1.02972185218469457191e-05	1.67753741981186504928e-01	-1.19281384656116495185e-02	4.57454719665282405873e-06	
2.10000000000000000000e+01	6.96219166252470378353e-01	2.32186082297643459071e+00	-1.02200175024295307827e-03	-6.91620725632703159391e-01	-2.32487723534221180088e+00	1.44110713389654723510e-04	-1.72290227788034683298e-01	-2.69513346912525833532e-03	4.62484230428549395798e-05	1.72588287941062124009e-01	2.63903479733084041225e-03	6.34373503791284811752e-06	
2.20000000000000000000e+01	5.01341541039190707885e-01	2.31258128950030528159e+00	-9.65649092161721895114e-04	-4.96110060478028414011e-01	-2.31565530073693226498e+00	1.57786162520632731142e-04	-1.76139725681529302204e-01	-1.83857782103829976716e-02	3.52143439833433406750e-05	1.76423821666627123061e-01	1.83904357721975178497e-02	-9.78571317498318407190e-06	
2.30000000000000000000e+01	3.04392561329033473072e-01	2.28549407280214911253e+00	-8.11516197682977057613e-04	-2.98682306502376260227e-01	-2.28850882456800119868e+00	2.51603438657950278460e-04	-1.78889189103960344340e-01	-3.53458860327124507750e-02	1.36463533213063652584e-04	1.79098422746185342858e-01	3.53895447276081631660e-02	7.60340472201136673147e-05	
2.40000000000000000000e+01	1.06845382642381692140e-01	2.23952921294880491487e+00	-6.00553181494388075776e-04	-1.00799874949049017570e-01	-2.24243110390678035415e+00	3.89850063844608923751e-04	-1.80294100919825034390e-01	-5.36150730318257495721e-02	1.15728435800574339185e-04	1.80344648103704319198e-01	5.36546889084856121199e-02	-2.12565597970628317095e-05	
2.50000000000000000000e+01	-8.96841928495593077031e-02	2.17365259464167737136e+00	-4.53491557551448788536e-04	9.58849407290099930989e-02	-2.17644111422695196723e+00	3.94884045851545673316e-04	-1.80060963053580824766e-01	-7.30918459454230340366e-02	8.42439435703146144961e-05	1.80149195410121948369e-01	7.31187996749129986984e-02	-3.58236354210303669775e-05	
2.60000000000000000000e+01	-2.83332134649523281755e-01	2.08690910030368881323e+00	-3.83843811420655741176e-04	2.89597278273808322879e-01	-2.08958116435493312935e+00	3.79117107525999926833e-04	-1.78008417123851819808e-01	-9.37549928056244097352e-02	2.65812949379659992435e-05	1.77977253221396430893e-01	9.39210739555783047372e-02	-2.96937937166436678130e-05	
2.70000000000000000000e+01	-4.71993654806182827421e-01	1.97853423400493366735e+00	-3.79897572105150876497e-04	4.78215266612419920289e-01	-1.98068800687613233436e+00	2.96702048980675722831e-04	-1.73544829987694465556e-01	-1.15693909717474729959e-01	1.80521824253345219210e-05	1.73539565278908403112e-01	1.15942918597273736392e-01	-1.13476788728012950905e-04	
2.80000000000000000000e+01	-6.53089859735553002196e-01	1.84734650579462233999e+00	-3.57225364865921136536e-04	6.59411253185836376822e-01	-1.84898166765733096284e+00	1.87876489659719606235e-04	-1.66312945230665809593e-01	-1.38812330045930687472e-01	1.53331462071611129968e-04	1.66413461158762682190e-01	1.39057939310591682780e-01	-6.38871146351694193946e-05	
2.90000000000000000000e+01	-8.23794492973522696211e-01	1.69249465966434442521e+00	-1.48344930871849290093e-04	8.30467679163877980919e-01	-1.69355323023942605509e+00	1.49987773858365706220e-04	-1.55784069835561006512e-01	-1.62730040986869661790e-01	1.51024266012799959118e-04	1.56035048956141925158e-01	1.63022919617845346574e-01	-9.57056634278402444151e-05	
3.00000000000000000000e+01	-9.80973297003720046128e-01	1.51307476330225432193e+00	8.23641393580832052897e-05	9.88084564400925069449e-01	-1.51356822054454420723e+00	7.90141102554965722802e-05	-1.41459540352978613287e-01	-1.86851709945394905965e-01	1.95634019300756011820e-04	1.41635305453998355807e-01	1.87423335482367670046e-01	-1.17410568616585568287e-04	
3.10000000000000000000e+01	-1.12080091002145820767e+00	1.30880111212716343516e+00	4.86431816098877500745e-04	1.12854417094344694483e+00	-1.30804019925315850870e+00	4.21812940378884468655e-05	-1.22640827779215227933e-01	-2.11172749979934709641e-01	4.21650698440405205351e-04	1.22974035418408372822e-01	2.11690795840043244347e-01	-6.64232316771826847160e-05	
3.20000000000000000000e+01	-1.23917641140609147143e+00	1.07862051242510958993e+00	1.07870040935694692236e-03	1.24746727415923430726e+00	-1.07678258559076156509e+00	1.16519350852622508561e-04	-9.91922655012874576741e-02	-2.34328107570892452127e-01	4.23147532257456824353e-04	9.93713521966377993921e-02	2.34804029717282453094e-01	-8.10713988152052630236e-05	
3.30000000000000000000e+01	-1.33121883395218509882e+00	8.22306489730569634133e-01	1.69177587782133815111e-03	1.33968692776172337844e+00	-8.19836314062043491901e-01	2.23316155775274692878e-04	-7.04922439298032721400e-02	-2.55205497614899190495e-01	4.39194481581806452693e-04	7.04788343218234608623e-02	2.55286427917368885510e-01	-1.34167252498790544107e-05	
3.40000000000000000000e+01	-1.39071809936915902206e+00	5.40601922379186361489e-01	2.22837363249193867037e-03	1.39911637858494874997e+00	-5.38229254052559724641e-01	3.88504704287817212958e-04	-3.62230667827227112432e-02	-2.71835666861133640193e-01	3.37383607171219299884e-04	3.61859196862634319158e-02	2.71792156115280958417e-01	1.52969086316820585599e-05	
3.50000000000000000000e+01	-1.41106313644728098566e+00	2.36773402528491438979e-01	2.67221056393973383641e-03	1.41883123405159250474e+00	-2.34723347110361024725e-01	4.28946404328740067604e-04	2.42957782941983363445e-03	-2.82323530209224349274e-01	2.66005361396484283840e-04	-2.77300479146899009342e-03	2.82184050900761040914e-01	-1.33345334458666889233e-04	
3.60000000000000000000e+01	-1.38588905452318900124e+00	-8.17484157978339842643e-02	2.85026222449517516178e-03	1.39298203308634360731e+00	8.37684804668447635656e-02	2.89387918570183566222e-04	4.41640563417175849303e-02	-2.84294407929056580642e-01	4.51417902094856623215e-05	-4.45015552193544980386e-02	2.84373378248193198203e-01	-1.67415643990253073820e-04	
3.70000000000000000000e+01	-1.31199791638100760061e+00	-4.02530263096685214652e-01	2.81200402983379418170e-03	1.31809742389893869152e+00	4.04464749797664446795e-01	3.97077974822829899912e-04	8.59644388570835471519e-02	-2.76584401556780767883e-01	-1.19760692641963592282e-04	-8.65553807390352369922e-02	2.76367740290964392091e-01	7.31791154975187062293e-05	
3.80000000000000000000e+01	-1.19129483055422680238e+00	-7.09330467971202471844e-01	2.57671372630781771521e-03	1.19614287780352990254e+00	7.10813120172100298966e-01	4.76409855000444045978e-04	1.25039013856168584882e-01	-2.59343898766318525784e-01	-2.65508592067955121428e-04	-1.25637994950009046491e-01	2.59078878774797738416e-01	-2.81139063608850330424e-05	
3.90000000000000000000e+01	-1.03112864141734572598e+00	-9.86989647840646022736e-01	2.26601765203071148572e-03	1.03457594114171591571e+00	9.88088935711411542329e-01	4.23234589485175117119e-04	1.58576557537005252696e-01	-2.33982431212782199248e-01	-1.87751483842326174784e-04	-1.59288218774418011137e-01	2.33656724150614864000e-01	-3.47650425199314526154e-04	
4.00000000000000000000e+01	-8.41177274172386968409e-01	-1.22668581344977711822e+00	1.79419508851477380040e-03	8.43453995248932608675e-01	1.22717459066084888519e+00	-2.43218447395211225231e-04	1.85074428699675774812e-01	-2.03441844419009032485e-01	-2.03133200783724534363e-04	-1.85544088667948803284e-01	2.03123120320007732875e-01	-4.05111071186435643503e-04	
4.10000000000000000000e+01	-6.31086891159250207295e-01	-1.42565315552518923070e+00	1.22281324785716068865e-03	6.32100832390394162807e-01	1.42551559575981356964e+00	-1.03014189784068140206e-03	2.04020952598443439108e-01	-1.70145802161107750905e-01	-2.80224300433890797374e-04	-2.04592172709303909972e-01	1.69801034124382410617e-01	-4.40966311895383265059e-04	
4.20000000000000000000e+01	-4.08249106080159185339e-01	-1.58496962149323739055e+00	4.96005878570040170325e-04	4.08042159092636413931e-01	1.58407313657713944011e+00	-1.86234483083726198860e-03	2.16218021732019510806e-01	-1.36288308192336893310e-01	-4.23877934640467038396e-04	-2.16677701635080793841e-01	1.35933242822139532802e-01	-4.83307392688759262459e-04	
4.30000000000000000000e+01	-1.78067733733271282848e-01	-1.70716810107217398240e+00	-3.74610477607310735429e-04	1.77029383137411067128e-01	1.70569382154163107224e+00	-2.74854896795094115133e-03	2.22566191229826876308e-01	-1.03490276454573898457e-01	-4.43893206497553919742e-04	-2.23033449690461321735e-01	1.03212718628740665605e-01	-4.57131419831400273926e-04	
4.40000000000000000000e+01	5.49471746933287152892e-02	-1.79541378956890818053e+00	-1.24154184826914554957e-03	-5.68455181999467651366e-02	1.79349447741729961514e+00	-3.56613857078804438044e-03	2.24224821893575593235e-01	-7.25399786821805947490e-02	-2.21955886124913272239e-04	-2.24563177753406034709e-01	7.23541017573549050113e-02	-4.24323573749578984715e-04	
4.50000000000000000000e+01	2.87696143120210523492e-01	-1.85259755188771002565e+00	-1.78421158476960422384e-03	-2.90064738754036044455e-01	1.85028371925876644610e+00	-4.22944237370275616383e-03	2.21967918515292572668e-01	-4.39600872919588617216e-02	-2.89606675553186069041e-04	-2.22081747864660422609e-01	4.37242150935581580518e-02	-3.31573240523770759389e-04	
4.60000000000000000000e+01	5.17591765602073206054e-01	-1.88160314811032081117e+00	-2.38086874611820710837e-03	-5.19909073844672553477e-01	1.87880816766974279020e+00	-4.83818617055770550800e-03	2.16945463488856210565e-01	-1.80327334910599552942e-02	-3.26091695516260828350e-04	-2.16891951530486210009e-01	1.78133300686260445667e-02	-3.03898900292788652720e-04	
4.70000000000000000000e+01	7.42251682766698839266e-01	-1.88501911782248332550e+00	-3.11649226797341104278e-03	-7.44400208202958824089e-01	1.88168571806936935076e+00	-5.56874882539447335628e-03	2.09464894641693322175e-01	5.26559556929860617114e-03	-4.06658748973917996174e-04	-2.09454522421921834896e-01	-5.51770264121429626636e-03	-3.69680788076253395713e-04	
4.80000000000000000000e+01	9.59718629082724428159e-01	-1.86514651197250946879e+00	-3.93924694594853085777e-03	-9.61818633640182385491e-01	1.86131573721542009636e+00	-6.37124601009083149639e-03	2.00324714821939336984e-01	2.61780900177647525562e-02	-4.20697261756592354176e-04	-2.00287625149091541576e-01	-2.64035776846495116865e-02	-4.24935689673866447569e-04	
4.90000000000000000000e+01	1.16862438627878972852e+00	-1.82419087150995107294e+00	-4.76220536354402240037e-03	-1.17061683513683956193e+00	1.81982939490998285592e+00	-7.14350758556357885720e-03	1.90018152918900562476e-01	4.45922841825108912106e-02	-4.57166999537770321442e-04	-1.89956539807015212240e-01	-4.48707950061521115837e-02	-3.58476258120381610379e-04	
5.00000000000000000000e+01	1.36781740269048612824e+00	-1.76438187283610803391e+00	-5.62905535189756923986e-03	-1.36959500944238010689e+00	1.75937327873228310793e+00	-7.91330420495792857816e-03	1.77916768541771325163e-01	6.06856350712257214264e-02	-4.72118041005840374195e-04	-1.78747895449902327591e-01	-6.10585531499995906590e-02	-3.74330079103704302119e-04	
5.10000000000000000000e+01	1.55492059522505332581e+00	-1.68755859504811156491e+00	-6.56964409098091325911e-03	-1.55836410223928645280e+00	1.68197821290894022894e+00	-8.68842834964161404854e-03	1.66144501668887473178e-01	7.49655251487319346237e-02	-5.32352978513443058153e-04	-1.66926685761332821434e-01	-7.51200768102108229485e-02	-3.63218386506557341063e-04	
5.20000000000000000000e+01	1.73038644236489713713e+00	-1.59542056546354560354e+00	-7.53653018970298210766e-03	-1.73563062656684996554e+00	1.58951141508115179057e+00	-9.41106193619054356980e-03	1.53787616646928748665e-01	8.73490753693078603170e-02	-5.19605976241732550429e-04	-1.54740253636902747036e-01	-8.75235111012475086589e-02	-7.58892531232673028807e-04	
5.30000000000000000000e+01	1.89361447336970534217e+00	-1.48974597364022010026e+00	-8.64263685818368598834e-03	-1.90076483910128790633e+00	1.48347468048998121226e+00	-1.07961402577626802007e-02	1.41392125556107500772e-01	9.81362536351248482269e-02	-4.80315879805036751501e-04	-1.42346173930516739503e-01	-9.82949320365691103785e-02	-7.22669794674705057332e-04	
5.40000000000000000000e+01	2.04416854214436005677e+00	-1.37202181535312517369e+00	-9.68135341038472811703e-03	-2.05331023128301737302e+00	1.36544558075809807640e+00	-1.21735860294267892595e-02	1.28873214747118686185e-01	1.07379548863250198765e-01	-4.35696043437819378712e-04	-1.29829246602442160974e-01	-1.07566174941289310896e-01	-7.52656043037374538653e-04	
5.50000000000000000000e+01	2.18174296911646870001e+00	-1.24403124542731946534e+00	-1.07303518857989645119e-02	-2.19287570521484642683e+00	1.23621576627986917707e+00	-1.35565901779929436077e-02	1.16345448582342136934e-01	1.15266527212251182477e-01	-4.69279852204140877740e-04	-1.17339116042888186309e-01	-1.16349555793239314849e-01	-7.60273142711214594026e-04	
5.60000000000000000000e+01	2.30608308068563294668e+00	-1.10720797530293579847e+00	-1.18593805452630648295e-02	-2.31922702207287168008e+00	1.09717011878799652891e+00	-1.49542216408434357894e-02	1.03898922056749776210e-01	1.21849183591962506590e-01	-5.45448333635386922377e-04	-1.04863288579679220236e-01	-1.22849343349674386405e-01	-7.34159129951721220637e-04	
5.70000000000000000000e+01	2.41709336668685326188e+00	-9.62396730052220927831e-01	-1.30760981453035707994e-02	-2.43216095333183623950e+00	9.50497966818364736774e-01	-1.63556274509226162728e-02	9.15671527629312587138e-02	1.27515330452637271064e-01	-5.96395237733766047858e-04	-9.24754987256936888951e-02	-1.28360752182792942078e-01	-7.08068020865254468127e-04	
5.80000000000000000000e+01	2.51468990209378606693e+00	-8.10839164002340129223e-01	-1.43503971555224204421e-02	-2.53157650272901202371e+00	7.97261733584351484083e-01	-1.77287752931800900169e-02	7.93925713768290491901e-02	1.31984688097470548307e-01	-6.13285115225381733707e-04	-8.02759552639991658118e-02	-1.32792015984239814008e-01	-6.47281853298575880068e-04	
5.90000000000000000000e+01	2.59883578937967607558e+00	-6.53756453218905075886e-01	-1.55040502628332414053e-02	-2.61748394989210408923e+00	6.38677791568824870794e-01	-1.89925715682526183303e-02	6.73973971425803480839e-02	1.35502478711044732629e-01	-5.65170664392586450005e-04	-6.82166094294107683282e-02	-1.36245217389801331898e-01	-6.57187934994952821163e-04	
6.00000000000000000000e+01	2.66959895094048071940e+00	-4.92314690611171890122e-01	-1.66716897716069969992e-02	-2.68986728624420567968e+00	4.75722626502629197809e-01	-2.02828523754812681257e-02	5.56354311400227979911e-02	1.38078070995571317026e-01	-5.49756017906077214599e-04	-5.63723158063511031735e-02	-1.38856418277720217169e-01	-6.56271539595176963376e-04	
6.10000000000000000000e+01	2.72702111166906746575e+00	-3.27460895187491884961e-01	-1.78143659120515579497e-02	-2.74879192674221561887e+00	3.09476213671890654222e-01	-2.15297369502570473676e-02	4.40552543170491944791e-02	1.39983226263838717029e-01	-5.53399022525307890917e-04	-4.47489308713615377422e-02	-1.40600486242465322340e-01	-6.24426636650623903893e-04	
6.20000000000000000000e+01	2.77120320694195010347e+00	-1.60105500211232154584e-01	-1.89642080261498841010e-02	-2.79439314133199134815e+00	1.40966293176533336018e-01	-2.27702385377711799541e-02	3.27024549177476128725e-02	1.41050645263665230811e-01	-5.55698387546937986464e-04	-3.33702501135163739909e-02	-1.41605149326145263178e-01	-6.39227174705271541238e-04	
6.30000000000000000000e+01	2.80225083145343845104e+00	8.74162444468601362857e-03	-2.01109959831296883359e-02	-2.82683664516885091444e+00	-2.89920494247959681378e-02	-2.40128333342644190163e-02	2.15723217542287959425e-02	1.41359109216882883331e-01	-5.56751360661436015161e-04	-2.22466307306582455894e-02	-1.41903033574180964527e-01	-6.21095187172775761546e-04	
6.40000000000000000000e+01	2.82033884870099216258e+00	1.78157000682786587076e-01	-2.12800082264663591169e-02	-2.84634249204645417564e+00	-1.99507755303760470067e-01	-2.52520614196065328050e-02	1.07299268285119524940e-02	1.41034275293585753541e-01	-5.60580436309686706495e-04	-1.13961096492324227836e-02	-1.41574800436654879565e-01	-6.26445610598004663100e-04	
6.50000000000000000000e+01	2.82570160886047894166e+00	3.47315415981164110626e-01	-2.24645701687714964556e-02	-2.85307533645688193857e+00	-3.69751836751653517599e-01	-2.64940477226057423399e-02	1.25216699420215363259e-04	1.40050428677480603978e-01	-5.92764301842070183077e-04	-7.80762844066614294936e-04	-1.40580090048876393816e-01	-6.28125053143401782668e-04	
6.60000000000000000000e+01	2.81853693462597298947e+00	5.15404137058114164560e-01	-2.36543485033219418046e-02	-2.84727443885178699290e+00	-5.38908457848656485822e-01	-2.77244147059539577937e-02	-1.02160167052074233457e-02	1.38469686945267456135e-01	-5.80465127435250021794e-04	9.55729264046670246024e-03	-1.38994938037388937602e-01	-6.07468790646513109345e-04	
6.70000000000000000000e+01	2.79907602742506389504e+00	6.81621399989312481971e-01	-2.48005087002803083218e-02	-2.82921216765566718720e+00	-7.06229367292155574276e-01	-2.88953584172000066399e-02	-2.03038014813974980466e-02	1.36268734491507725881e-01	-5.46928079296737381342e-04	1.96380875067761265229e-02	-1.36836888783574445183e-01	-5.59030211702854539293e-04	
6.80000000000000000000e+01	2.76756371402566125894e+00	8.45232452614392393286e-01	-2.58840544489831077268e-02	-2.79920800131854941029e+00	-8.70966629386610402541e-01	-3.00031887630021788793e-02	-3.01121535196851829175e-02	1.33602496476452836660e-01	-5.62627502149091302495e-04	2.93686243778271995064e-02	-1.34142003686496730230e-01	-5.43656406146936937475e-04	
6.90000000000000000000e+01	2.72432534167748974241e+00	1.00557985538702387984e+00	-2.70504833333747064794e-02	-2.75756194282216338109e+00	-1.03236885498681196793e+00	-3.10841879140524406100e-02	-3.96503220331644729013e-02	1.30386573951992074116e-01	-5.97996039388825045141e-04	3.88818236149203952379e-02	-1.30876886493818428425e-01	-5.20000972629101128504e-04	
7.00000000000000000000e+01	2.66967420861658277786e+00	1.16196845071248788805e+00	-2.82280265025565448023e-02	-2.70452407841273689826e+00	-1.18976385474248780305e+00	-3.21293421199093862106e-02	-4.89155839876606393646e-02	1.26683037212034194097e-01	-6.11165222841786900769e-04	4.81244857516239243900e-02	-1.27165160205349264677e-01	-4.73649014050398300697e-04	
7.10000000000000000000e+01	2.60392311463189285448e+00	1.31371893422453567268e+00	-2.93985710982894374310e-02	-2.64047045829250537352e+00	-1.34248225496803885726e+00	-3.31009621937169498662e-02	-5.78747936357099992954e-02	1.22456375723087651508e-01	-6.32292541802317322429e-04	5.70682266972909121860e-02	-1.22917851324302274119e-01	-4.28007260770561879116e-04	
7.20000000000000000000e+01	2.52747133299733128808e+00	1.46015632735230926897e+00	-3.05763295536169744937e-02	-2.56569568177590667801e+00	-1.48988858225331499696e+00	-3.40509692146230558141e-02	-6.65402560945445448182e-02	1.17756672920708349572e-01	-6.12301321892380471558e-04	6.57423005811605953852e-02	-1.18233966152121963700e-01	-4.17488158756779787970e-04	
7.30000000000000000000e+01	2.44067060282600856169e+00	1.60064942895216000274e+00	-3.17365520775358053718e-02	-2.48054300940031957623e+00	-1.63135699693073243921e+00	-3.49507405206907484363e-02	-7.49355297487077076646e-02	1.12568267321758980204e-01	-6.21957923303991227354e-04	7.41592713536661923834e-02	-1.13049122654285794098e-01	-3.78777399321847136476e-04	
7.40000000000000000000e+01	2.34389510041312565392e+00	1.73458351369154017974e+00	-3.28625632183217886162e-02	-2.38541562153821340431e+00	-1.76620973584977303261e+00	-3.58260549298508104710e-02	-8.30345033877934041167e-02	1.06932790489561238556e-01	-5.90351950086834970088e-04	8.22219354955605608026e-02	-1.07342938759494521683e-01	-3.53848385632940325672e-04	
7.50000000000000000000e+01	2.23753400461457330195e+00	1.86134252768510788378e+00	-3.39445888479243951252e-02	-2.28074119309170297853e+00	-1.89389390931424106412e+00	-3.66187843296982631913e-02	-9.08054427594548047020e-02	1.00815039994961636038e-01	-5.70588321146380558595e-04	8.99938920976552370057e-02	-1.01266770555955884503e-01	-3.49976409526175339000e-04	
7.60000000000000000000e+01	2.12204946160626439777e+00	1.98037103737562270034e+00	-3.50203230468787360397e-02	-2.16694634739138392021e+00	-2.01383589334126567039e+00	-3.74356321039341424783e-02	-9.82462265797469092021e-02	9.42908647084865769727e-02	-5.82669616274499816561e-04	9.74499506051554054142e-02	-9.47094384333065919535e-02	-3.92828538859533722520e-04	
7.70000000000000000000e+01	1.99791002870092371246e+00	2.09107824822480647953e+00	-3.61001081152135250285e-02	-2.04446343153773657519e+00	-2.12546376110633161716e+00	-3.82847555164928868288e-02	-1.05371753059491882198e-01	8.72573169990209923652e-02	-5.69636332268152437326e-04	1.04546634192510229378e-01	-8.76920855963456841176e-02	-3.75317735857972874583e-04	
7.80000000000000000000e+01	1.86557664145251633769e+00	2.19283911014137578022e+00	-3.71804800264010151811e-02	-1.91380088895365219059e+00	-2.22818088633075950256e+00	-3.91199833648144951193e-02	-1.12131121287346716131e-01	7.97303576361605009781e-02	-5.69805263581028148545e-04	1.11325951067034800701e-01	-8.01871587816091052625e-02	-3.56799996387904133632e-04	
7.90000000000000000000e+01	1.72552968351651081491e+00	2.28509714232932648059e+00	-3.82600505750133393357e-02	-1.77544342957242196057e+00	-2.32139969495688491818e+00	-3.99471678341009328594e-02	-1.18556535647755589835e-01	7.17801435556336686616e-02	-5.89815290423840944863e-04	1.17724931295968504585e-01	-7.22016543256137205420e-02	-3.81829524732363876152e-04	
8.00000000000000000000e+01	1.57834701179110314939e+00	2.36736435977066683733e+00	-3.93879079542988480567e-02	-1.62991149653938771635e+00	-2.40454939224315555890e+00	-4.08201651540277682395e-02	-1.24538738481210886633e-01	6.33735699397274254707e-02	-6.12858336916991030055e-04	1.23721057420192098730e-01	-6.37612624085604623447e-02	-3.93286421722845570912e-04	
8.10000000000000000000e+01	1.42460553936699607647e+00	2.43909460977564052087e+00	-4.05339712085207651282e-02	-1.47784585652405064948e+00	-2.47703817203372622657e+00	-4.16931274842323590368e-02	-1.30103088927564058963e-01	5.44582814817911112226e-02	-6.06214050851937346145e-04	1.29284837129670260314e-01	-5.47755393987121724786e-02	-3.91533350600399522243e-04	
8.20000000000000000000e+01	1.26491050832630480549e+00	2.49969065800132828059e+00	-4.16628678377698805080e-02	-1.31980736489090411112e+00	-2.53830257283847693373e+00	-4.25577827795547425360e-02	-1.35245087930358248718e-01	4.50309092039615499470e-02	-6.01354496168035059477e-04	1.34457708878707588029e-01	-4.53365078368698215527e-02	-3.79734486687206872560e-04	
8.30000000000000000000e+01	1.09991107819686928515e+00	2.54854803034321353294e+00	-4.27794368831172430734e-02	-1.15645389474434256982e+00	-2.58804532096218364856e+00	-4.33891904541397199768e-02	-1.39913254843238910041e-01	3.51197021675966544740e-02	-5.99024721495314748862e-04	1.39098028431146353290e-01	-3.56355663209946896264e-02	-3.61786650215903859886e-04	
8.40000000000000000000e+01	9.30323775919867812512e-01	2.58514327644885133495e+00	-4.39031657906840955263e-02	-9.88485453737949826269e-01	-2.62577092325727035060e+00	-4.42206105373294106053e-02	-1.44029586489002825456e-01	2.46982858311678363239e-02	-6.22652156141933381742e-04	1.43244946186105392982e-01	-2.52590323895777457697e-02	-3.60476427449875499141e-04	
8.50000000000000000000e+01	7.56899507594163356572e-01	2.60899429895984225070e+00	-4.50805847066804987744e-02	-8.16597317924879106954e-01	-2.65079864922219687884e+00	-4.50560061205233022830e-02	-1.47595237079707175543e-01	1.37309847503562128257e-02	-6.59492504585429775189e-04	1.46875065575049396083e-01	-1.42982414405371707072e-02	-3.37556712821606840370e-04	
8.60000000000000000000e+01	5.80470175117321574021e-01	2.61955405600208646177e+00	-4.63101652415439379862e-02	-6.41483928530877323126e-01	-2.66258990109271964641e+00	-4.58717064340923921795e-02	-1.50546532739277733048e-01	2.21830376171645339556e-03	-6.93185311964906948796e-04	1.49968657002005512080e-01	-2.80434620547802444801e-03	-3.24459428428837415043e-04	
8.70000000000000000000e+01	4.01887549316476855310e-01	2.61633898722698399197e+00	-4.75222413718956460116e-02	-4.64015728720383990868e-01	-2.66070725403332586367e+00	-4.66310775464091262221e-02	-1.52854984605525906494e-01	-9.80248832684296918238e-03	-6.71489457803903450409e-04	1.52292092523918259905e-01	9.15119126966434069670e-03	-2.81148817621909357864e-04	
8.80000000000000000000e+01	2.21986842529150435466e-01	2.59885906058707671917e+00	-4.87015910240666122233e-02	-2.85295065740755526829e-01	-2.64463747427519235700e+00	-4.73353779698577475932e-02	-1.54392315514124356390e-01	-2.24068167449600098851e-02	-6.48430908661731114639e-04	1.53796817401779639667e-01	2.17205786168102044087e-02	-2.48615409858172293957e-04	
8.90000000000000000000e+01	4.18002736679036757117e-02	2.56662888287074375526e+00	-4.98448841074382240079e-02	-1.06305576290802228367e-01	-2.61387038597802723316e+00	-4.80107727138330969696e-02	-1.55118024685216876479e-01	-3.56274492506646611734e-02	-6.51312048846781790727e-04	1.54535577830935438870e-01	3.48769556468928598747e-02	-2.38883516606435862203e-04	
9.00000000000000000000e+01	-1.37583315483642165677e-01	2.51921674838136988583e+00	-5.09725934486776333099e-02	7.19046018113636831171e-02	-2.56801981659400713198e+00	-4.86823750138628968953e-02	-1.54941203286096784719e-01	-4.93176756910981006765e-02	-6.31384811976394349706e-04	1.54351753182156936628e-01	4.85869726902356594000e-02	-2.46491697097083069506e-04	
9.10000000000000000000e+01	-3.15007016491231417454e-01	2.45627145567869797915e+00	-5.20603023042298038159e-02	2.48149235921652416836e-01	-2.50659494952935357759e+00	-4.93672372975003520557e-02	-1.53715488101562269829e-01	-6.35913577870542978676e-02	-5.95755456838652306534e-04	1.53143130921385733911e-01	6.28968467477434012292e-02	-3.14220789093568844859e-04	
9.20000000000000000000e+01	-4.89151308637632897813e-01	2.37738578297526848004e+00	-5.34607450541227310903e-02	4.21172616612904504585e-01	-2.42925725786845170262e+00	-5.02048200174795081208e-02	-1.51364342548456543014e-01	-7.84534480642438691866e-02	-8.07146559928071370173e-04	1.50749661680062707614e-01	7.77199204387905018265e-02	-2.91181641405239958510e-04	
9.30000000000000000000e+01	-6.58652948774443691704e-01	2.28223721803923851326e+00	-5.48538876953065038244e-02	5.89547432666153836678e-01	-2.33567028919181129964e+00	-5.10093903132071493922e-02	-1.47674839689021147882e-01	-9.38501192480073603841e-02	-7.96543683640108099095e-04	1.47162258050985123026e-01	9.31177205014743075706e-02	-2.83530438672293142680e-04	
9.40000000000000000000e+01	-8.21930953839681510686e-01	2.17057924366351828738e+00	-5.61675886346273758876e-02	7.51777631838880133763e-01	-2.22553946814582737090e+00	-5.17539766181257729349e-02	-1.42500019763958818420e-01	-1.09782276258926170254e-01	-7.35192760284963421624e-04	1.41975422345003349234e-01	1.09029373254697442563e-01	-2.33419340022315922444e-04	
9.50000000000000000000e+01	-9.77333873304035760654e-01	2.04210123751187966334e+00	-5.74955423268164039774e-02	9.06054658461025730354e-01	-2.09869228973545229877e+00	-5.23407372386319458268e-02	-1.35626479534274979599e-01	-1.26187502177235094658e-01	-8.45879111461487944584e-04	1.35128067229249082537e-01	1.25357461352757576512e-01	-1.25330591606574894134e-04	
9.60000000000000000000e+01	-1.12292617495435731456e+00	1.89682572447458097642e+00	-5.88529222240754060214e-02	1.05067022844629232026e+00	-1.95503981105348345615e+00	-5.29341918326354660129e-02	-1.26866359733777744889e-01	-1.42790588420626696209e-01	-8.13349728029965734870e-04	1.26389462408711517050e-01	1.42062179598557936089e-01	-1.85714962076107030975e-04	
9.70000000000000000000e+01	-1.25674977871335702417e+00	1.73481098254220600374e+00	-6.01227257357003150307e-02	1.18354830964679624827e+00	-1.79459727182193429229e+00	-5.35581781235772297345e-02	-1.15899603200255871260e-01	-1.59673182121107870568e-01	-7.49164152537167438856e-04	1.15481362915872617925e-01	1.58924519308713929622e-01	-1.76222040873994938203e-04	
9.80000000000000000000e+01	-1.37661413444200952938e+00	1.55614416023478874251e+00	-6.13288759285386952946e-02	1.30244523792976329979e+00	-1.61753032634132409839e+00	-5.42566577053788939855e-02	-1.02617061686595997805e-01	-1.76568942088884184294e-01	-7.08039621936268803899e-04	1.02115477650058433801e-01	1.75847901805725237434e-01	-2.97124339373641287079e-04	
9.90000000000000000000e+01	-1.48015875951948450151e+00	1.36113808389814305855e+00	-6.22850672798679477760e-02	1.40488830503075323719e+00	-1.42419696177436061468e+00	-5.46051838997663116504e-02	-8.65711379986556228694e-02	-1.93279649183274060409e-01	-5.71224132532868961523e-04	8.60565416732154281343e-02	1.92411577314626158763e-01	1.91569576432570941402e-04	
1.00000000000000000000e+02	-1.56459883638365315761e+00	1.15021140334206894984e+00	-6.30223674315558146652e-02	1.48826726901210482090e+00	-1.21517861367051316357e+00	-5.46098246026668204811e-02	-6.74428619651621097386e-02	-2.09357091745814433148e-01	-4.98584818070074188567e-04	6.69822164638252531832e-02	2.08465275001974287283e-01	1.63667906837387588459e-04	